254 254 254 254 254 254 254 254 254 254 254 254 254 254 254 254
254 254 254 254 254 254 254 254 254 254 254 254 254 254 254 254
254 254   0   0   0   0   0   0   0   0   0   0   0   0 254 254
254 254   0   0   0   0   2   0   0   0   2   0   0   0 254 254
254 254   0   0   0 254 254 254 254 254 254   0   0   0 254 254
254 254   0 190   1 254 254   0   0 254   0  45 252   0 254 254
254 254   0   0 254 254 254   0   0   0  12 254   0   0 254 254
254 254   0   0 254  39 254   0   0 254 254  95 254   0 254 254
254 254   0   0 254 254 254 254 254 254 254 254 254   0 254 254
254 254   0   1 254 175   3   0   0   0 156 254 254   0 254 254
254 254   0   0 254 254 254 254 254 254 254   9   0   0 254 254
254 254   0   0   0  19   4 254 254 254 254   0   0   0 254 254
254 254   0   0   0  71 254 254   0   1   0   0   0   0 254 254
254 254   0   0   0   0   0   0   0   0   0   0   0   0 254 254
254 254 254 254 254 254 254 254 254 254 254 254 254 254 254 254
254 254 254 254 254 254 254 254 254 254 254 254 254 254 254 254
254 254 254 254 254 254 254 254 254 254 254 254 254 254 254 254
254 254 254 254 254 254 254 254 254 254 254 254 254 254 254 254
254 254   0   0   0   0   0   0   0   0   0   0   0   0 254 254
254 254   0   0   0   0   2   0   0   0   2   0   0   0 254 254
254 254   0   0   0 254 254 254 254 254 254   0   0   0 254 254
254 254   0 190   1 254 254   0   0 254   0  46 252   0 254 254
254 254   0   0 254 254 254   0   0   0  11 254   0   0 254 254
254 254   0   0 254  39 254   0   0 254 254  96 254   0 254 254
254 254   0   0 254 254 254 254 254 254 254 254 254   0 254 254
254 254   0   1 254 175   2   0   0   0 156 254 254   0 254 254
254 254   0   0 254 254 254 254 254 254 254  10   0   0 254 254
254 254   0   0   0  19   4 254 254 254 254   0   0   0 254 254
254 254   0   0   0  72 254 254   0   1   0   0   0   0 254 254
254 254   0   0   0   0   0   0   0   0   0   0   0   0 254 254
254 254 254 254 254 254 254 254 254 254 254 254 254 254 254 254
254 254 254 254 254 254 254 254 254 254 254 254 254 254 254 254
254 254 254 254 254 254 254 254 254 254 254 254 254 254 254 254
254 254 254 254 254 254 254 254 254 254 254 254 254 254 254 254
254 254   0   0   0   0   0   0   0   0   0   0   0   0 254 254
254 254   0   0   0   0   2   0   0   0   2   0   0   0 254 254
254 254   0   0   0 254 254 254 254 254 254   0   0   0 254 254
254 254   0 190   1 254 254   0   0 254   0  45 252   0 254 254
254 254   0   0 254 254 254   0   0   0  12 254   0   0 254 254
254 254   0   0 254  39 254   0   0 254 254  96 254   0 254 254
254 254   0   0 254 254 254 254 254 254 254 254 254   0 254 254
254 254   0   1 254 175   3   0   0   0 156 254 254   0 254 254
254 254   0   0 254 254 254 254 254 254 254  10   0   0 254 254
254 254   0   0   0  20   4 254 254 254 254   0   0   0 254 254
254 254   0   0   0  69 254 254   0   1   0   0   0   0 254 254
254 254   0   0   0   0   0   0   0   0   0   0   0   0 254 254
254 254 254 254 254 254 254 254 254 254 254 254 254 254 254 254
254 254 254 254 254 254 254 254 254 254 254 254 254 254 254 254

254 254 254 254 254 254 254 254 254 254 254 254 254 254 254 254
254 254 254 254 254 254 254 254 254 254 254 254 254 254 254 254
254 254   0   0   0   0   0   0   0   0   0   0   0   0 254 254
254 254   0   0   0 252   0 254 254 254   0   0   0   0 254 254
254 254   0   0   0  45 254  95 254 254   9   0   0   0 254 254
254 254   0   2 254   0  12 254 254 156 254 254   0   0 254 254
254 254   0   0 254 254   0 254 254   0 254 254   1   0 254 254
254 254   0   0 254   0   0   0 254   0 254 254   0   0 254 254
254 254   0   0 254   0   0   0 254   0 254 254 254   0 254 254
254 254   0   2 254 254 254 254 254   3 254   4 254   0 254 254
254 254   0   0 254 254 254  39 254 175 254  19  71   0 254 254
254 254   0   0   0   1 254 254 254 254 254   0   0   0 254 254
254 254   0   0   0 190   0   0   0   1   0   0   0   0 254 254
254 254   0   0   0   0   0   0   0   0   0   0   0   0 254 254
254 254 254 254 254 254 254 254 254 254 254 254 254 254 254 254
254 254 254 254 254 254 254 254 254 254 254 254 254 254 254 254
254 254 254 254 254 254 254 254 254 254 254 254 254 254 254 254
254 254 254 254 254 254 254 254 254 254 254 254 254 254 254 254
254 254   0   0   0   0   0   0   0   0   0   0   0   0 254 254
254 254   0   0   0 252   0 254 254 254   0   0   0   0 254 254
254 254   0   0   0  46 254  96 254 254  10   0   0   0 254 254
254 254   0   2 254   0  11 254 254 156 254 254   0   0 254 254
254 254   0   0 254 254   0 254 254   0 254 254   1   0 254 254
254 254   0   0 254   0   0   0 254   0 254 254   0   0 254 254
254 254   0   0 254   0   0   0 254   0 254 254 254   0 254 254
254 254   0   2 254 254 254 254 254   2 254   4 254   0 254 254
254 254   0   0 254 254 254  39 254 175 254  19  72   0 254 254
254 254   0   0   0   1 254 254 254 254 254   0   0   0 254 254
254 254   0   0   0 190   0   0   0   1   0   0   0   0 254 254
254 254   0   0   0   0   0   0   0   0   0   0   0   0 254 254
254 254 254 254 254 254 254 254 254 254 254 254 254 254 254 254
254 254 254 254 254 254 254 254 254 254 254 254 254 254 254 254
254 254 254 254 254 254 254 254 254 254 254 254 254 254 254 254
254 254 254 254 254 254 254 254 254 254 254 254 254 254 254 254
254 254   0   0   0   0   0   0   0   0   0   0   0   0 254 254
254 254   0   0   0 252   0 254 254 254   0   0   0   0 254 254
254 254   0   0   0  45 254  96 254 254  10   0   0   0 254 254
254 254   0   2 254   0  12 254 254 156 254 254   0   0 254 254
254 254   0   0 254 254   0 254 254   0 254 254   1   0 254 254
254 254   0   0 254   0   0   0 254   0 254 254   0   0 254 254
254 254   0   0 254   0   0   0 254   0 254 254 254   0 254 254
254 254   0   2 254 254 254 254 254   3 254   4 254   0 254 254
254 254   0   0 254 254 254  39 254 175 254  20  69   0 254 254
254 254   0   0   0   1 254 254 254 254 254   0   0   0 254 254
254 254   0   0   0 190   0   0   0   1   0   0   0   0 254 254
254 254   0   0   0   0   0   0   0   0   0   0   0   0 254 254
254 254 254 254 254 254 254 254 254 254 254 254 254 254 254 254
254 254 254 254 254 254 254 254 254 254 254 254 254 254 254 254

254 253 253 254 253 253 253 254 254 253 253 253 254 254 253 254
254 253 253 253 254 253 253 253 254 253 253 253 253 254 253 253
253 253 135  98  98  98  98  98  98  98  98  98  98 134 254 253
254 253  97 149 144 169 202 179 182 209 183 139 148  96 253 253
253 253  97 108 101 184 201 222 205 187 206 101 113  96 253 254
253 253  97 158 222 253 253 253 253 254 253 201 217  97 254 254
254 254  97 187 179 105 102  96 141 126 127 227 170  97 253 253
253 253  97 203 190 183 179 176 203 150 186 207 183  97 253 253
254 253  97 198 198 254 253  46 108  76 137 214 172  97 253 253
253 253  97 167 249 142  69  40  79 218 253 223 183  97 253 254
253 253  97 190 182 108 110  42  79 218 253 180 171  97 253 253
253 253  97 128 122 248 185 201 202 244 246 120 127  96 253 253
253 253  97 135 129 197 185 214 188 217 131 124 134  96 254 253
253 253 127 102 102 102 102 103 103 103 103 103 103 126 254 253
254 253 253 253 254 254 254 253 254 254 254 253 253 253 253 254
254 254 253 253 253 254 253 253 253 254 253 253 253 254 253 254
253 253 253 254 253 253 253 254 254 253 253 253 254 254 253 253
254 253 253 253 254 253 253 253 254 253 254 254 253 254 254 253
253 253 135  98  98  98  98  98  98  98  98  98  98 135 254 253
254 253  97 149 144 169 203 179 182 209 184 139 148  96 253 253
253 253  97 108 101 184 201 222 205 187 206 101 114  96 253 254
253 253  97 158 222 253 253 253 253 254 253 201 217  97 254 254
254 254  97 188 179 105 102  96 141 126 127 227 170  97 253 253
253 253  97 203 190 183 179 176 203 150 186 207 183  97 253 253
254 253  97 198 198 254 253  46 108  76 137 214 172  97 253 253
253 253  97 167 249 142  69  40  79 218 253 223 183  97 253 254
253 254  97 190 182 108 110  42  79 218 253 180 171  97 253 253
254 253  97 128 122 248 185 201 202 244 246 120 127  96 253 253
254 253  97 135 129 197 185 214 188 216 131 124 134  96 254 254
253 253 127 102 102 102 102 103 103 103 103 103 103 126 254 253
254 253 253 253 254 254 254 254 254 254 254 253 253 254 253 254
254 254 253 253 253 254 253 253 253 254 254 253 253 254 253 254
253 254 253 254 254 253 253 254 254 254 253 254 254 254 253 254
254 253 253 253 254 254 253 253 254 254 254 254 254 254 254 254
253 253 135  98  98  98  98  98  98  98  98  98  98 135 254 253
254 254  97 149 144 169 203 179 182 209 184 139 148  96 253 253
253 253  97 108 101 184 201 222 205 187 206 101 114  96 254 254
253 253  97 158 222 254 253 253 253 254 253 201 217  97 254 254
254 254  97 187 179 105 102  96 141 126 127 227 170  97 254 253
254 253  97 203 190 183 179 176 203 150 186 207 183  97 254 253
254 253  97 198 198 254 253  46 108  76 137 214 172  97 253 253
253 253  97 167 249 142  69  40  79 218 253 223 184  97 254 254
253 254  97 190 182 108 110  42  79 218 253 180 171  97 253 253
254 253  97 128 122 248 185 200 202 244 246 120 127  96 254 253
254 253  97 135 129 197 185 214 188 216 131 124 134  96 254 253
253 253 127 102 102 102 102 103 103 103 103 103 103 126 254 253
254 253 254 254 254 254 254 254 254 254 254 253 253 254 253 254
254 254 253 253 253 254 253 253 253 254 254 253 253 254 253 254

254 253 253 253 254 254 253 253 253 254 253 253 253 253 254 254
253 253 254 253 253 254 253 253 253 253 253 253 254 254 253 253
254 254 134  96  96  97  97  97  97  97  97  96  96 126 253 254
254 253  98 148 113 217 170 183 172 183 171 127 134 103 253 253
253 253  98 139 101 201 227 207 214 223 180 120 124 103 253 253
253 253  98 183 206 253 127 186 137 253 253 246 131 103 254 253
253 253  98 209 187 254 126 150  76 218 218 244 217 103 254 254
254 254  98 182 205 253 141 203 108  79  79 202 188 103 254 253
254 253  98 179 222 253  96 176  46  40  42 201 214 103 253 253
253 253  98 202 201 253 102 179 253  69 110 185 185 102 254 253
253 253  98 169 184 253 105 183 254 142 108 248 197 102 254 254
253 254  98 144 101 222 179 190 198 249 182 122 129 102 254 253
254 253  98 149 108 158 187 203 198 167 190 128 135 102 253 253
253 253 135  97  97  97  97  97  97  97  97  97  97 127 253 253
253 253 253 253 253 253 254 253 253 253 253 253 253 253 253 254
254 254 253 254 253 253 254 253 254 253 253 253 253 253 254 254
253 253 253 253 254 254 253 253 253 254 253 253 254 253 254 254
253 254 254 253 253 254 253 253 253 253 253 253 254 254 253 253
254 254 135  96  96  97  97  97  97  97  97  96  96 126 254 254
254 253  98 148 114 217 170 183 172 183 171 127 134 103 253 253
253 254  98 139 101 201 227 207 214 223 180 120 124 103 253 253
253 254  98 184 206 253 127 186 137 253 253 246 131 103 254 254
253 253  98 209 187 254 126 150  76 218 218 244 216 103 254 254
254 254  98 182 205 253 141 203 108  79  79 202 188 103 254 253
254 253  98 179 222 253  96 176  46  40  42 201 214 103 254 253
253 253  98 203 201 253 102 179 253  69 110 185 185 102 254 253
253 253  98 169 184 253 105 183 254 142 108 248 197 102 254 254
253 254  98 144 101 222 179 190 198 249 182 122 129 102 254 253
254 253  98 149 108 158 188 203 198 167 190 128 135 102 253 253
253 253 135  97  97  97  97  97  97  97  97  97  97 127 253 253
253 253 253 253 253 253 254 253 253 253 254 253 253 253 253 254
253 254 253 254 253 253 254 253 254 253 253 254 254 253 254 254
254 254 253 253 254 254 253 253 253 254 253 253 253 253 254 254
253 254 254 253 254 254 254 254 253 254 253 254 254 254 253 253
254 254 135  96  96  97  97  97  97  97  97  96  96 126 254 254
254 254  98 148 114 217 170 183 172 184 171 127 134 103 253 253
254 254  98 139 101 201 227 207 214 223 180 120 124 103 253 253
253 254  98 184 206 253 127 186 137 253 253 246 131 103 254 254
254 254  98 209 187 254 126 150  76 218 218 244 216 103 254 254
254 254  98 182 205 253 141 203 108  79  79 202 188 103 254 253
254 253  98 179 222 253  96 176  46  40  42 200 214 103 254 253
253 253  98 203 201 253 102 179 253  69 110 185 185 102 254 253
253 254  98 169 184 254 105 183 254 142 108 248 197 102 254 254
254 254  98 144 101 222 179 190 198 249 182 122 129 102 254 253
254 253  98 149 108 158 187 203 198 167 190 128 135 102 254 253
253 253 135  97  97  97  97  97  97  97  97  97  97 127 254 253
254 253 253 254 253 253 254 253 253 253 254 253 253 253 253 254
253 254 253 254 253 253 254 254 254 253 253 254 254 253 254 254
